1/22/2023,10|5|11|7|6|7|7
1/29/2023,7|10|11|6|4|11|9
2/5/2023,4|5|10|9|12|7|4
2/12/2023,11|7|7|7|7|11|11
2/19/2023,10|10|10|9|8|6|12
2/26/2023,6|11|4|9|12|10|11
3/5/2023,7|9|5|12|10|7|12
3/12/2023,7|12|6|10|7|4|11
3/19/2023,11|8|10|9|6|4|12
3/26/2023,12|7|10|4|6|10|10
4/2/2023,12|4|7|6|12|5|5
4/9/2023,10|9|10|9|7|7|12
4/16/2023,9|12|7|12|9|4|6
4/23/2023,10|11|8|12|5|9|8
4/30/2023,6|12|6|6|10|9|10
5/7/2023,11|10|4|11|11|7|10
5/14/2023,11|12|8|12|4|5|4
5/21/2023,4|10|6|5|11|6|11
5/28/2023,5|9|6|11|10|6|8
6/4/2023,4|6|4|7|5|12|9
6/11/2023,10|6|6|7|6|8|6
6/18/2023,10|5|12|5|7|5|7
6/25/2023,4|9|5|8|5|7|9
7/2/2023,12|11|6|11|10|5|8
7/9/2023,9|10|6|4|12|6|6
7/16/2023,12|10|10|8|4|7|11
7/23/2023,10|9|9|8|6|5|5
7/30/2023,10|9|11|11|8|12|9
8/6/2023,7|11|11|9|9|12|4
8/13/2023,12|9|6|7|10|4|12
8/20/2023,10|6|4|4|9|7|5
8/27/2023,5|5|8|4|12|5|10
9/3/2023,6|11|11|11|12|8|8
9/10/2023,4|4|8|5|9|7|7
9/17/2023,12|7|10|6|6|5|4
9/24/2023,7|10|12|11|12|12|7
10/1/2023,4|5|11|4|9|8|6
10/8/2023,8|4|7|4|5|5|7
10/15/2023,7|11|8|4|9|7|11
10/22/2023,8|9|5|8|6|10|12
10/29/2023,5|5|4|9|9|12|12
11/5/2023,8|12|12|12|10|5|10
11/12/2023,11|6|6|9|8|4|4
11/19/2023,9|4|4|12|6|6|8
11/26/2023,11|12|5|6|5|12|10
12/3/2023,7|11|6|9|8|9|10
12/10/2023,5|4|11|9|5|6|8
12/17/2023,12|10|4|11|8|9|6
12/24/2023,6|10|7|8|11|10|12
12/31/2023,8|6|10|12|11|11|12
1/7/2024,8|11|6|10|5|9|7
1/14/2024,8|10|9|9|11|5|8
1/21/2024,4|7|8|9|12|4|9
1/28/2024,11|8|7|10|8|12|11
2/4/2024,11|9|4|4|8|11|9
2/11/2024,12|9|10|5|10|10|8
2/18/2024,11|5|6|8|9|8|12
2/25/2024,9|11|9|10|8|9|7
3/3/2024,11|5|5|10|4|12|8
3/10/2024,8|7|4|10|5|11|11
3/17/2024,10|5|5|10|7|4|8
3/24/2024,10|7|8|12|9|8|6
3/31/2024,4|7|10|4|9|10|6
4/7/2024,7|8|7|9|5|11|11
4/14/2024,10|12|9|5|9|4|9
4/21/2024,7|8|12|12|8|6|4
4/28/2024,11|12|12|11|8|6|10
5/5/2024,9|9|12|4|7|12|8
5/12/2024,6|4|7|8|7|6|8
5/19/2024,12|6|5|11|12|10|12
5/26/2024,5|8|6|12|11|6|11
6/2/2024,8|9|4|9|12|4|11
6/9/2024,12|8|8|4|9|4|6
6/16/2024,10|12|8|9|7|9|7
6/23/2024,12|11|5|9|6|4|8
6/30/2024,10|9|10|12|6|9|6
7/7/2024,9|4|11|5|6|7|10
7/14/2024,7|11|6|8|4|12|5
7/21/2024,8|12|5|10|11|6|4
7/28/2024,8|5|6|8|4|4|11
8/4/2024,6|7|9|8|8|7|7
8/11/2024,10|8|5|5|4|9|9
8/18/2024,9|10|7|8|5|7|11
8/25/2024,12|4|8|12|4|7|9
9/1/2024,7|9|5|12|5|11|10
9/8/2024,6|11|8|4|12|9|12
9/15/2024,10|10|5|7|11|8|6
9/22/2024,5|12|10|9|7|12|8
9/29/2024,5|5|7|8|5|4|7
10/6/2024,4|7|4|8|9|11|9
